   1.2286e-03
   2.3135e-02
   1.1380e-02
   7.0872e-03
   1.0042e-03
   3.4157e-02
   3.7604e-02
   4.3532e-02
   1.4945e-02
   2.1057e-02
   3.6341e-02
   1.3933e-02
   2.9583e-02
   7.1311e-03
   1.4712e-02
   4.5368e-02
   2.5923e-02
   4.8528e-02
   7.9934e-02
   1.2548e-01
   1.2855e-01
   1.4899e-01
   1.5847e-01
   1.2956e-01
   1.0673e-01
   7.5661e-02
   7.4852e-02
   1.0187e-01
   1.0976e-01
   1.3378e-01
   8.9197e-02
   1.1081e-01
   7.1829e-02
   8.0542e-02
   1.0908e-02
  -1.1391e-02
  -3.6446e-02
  -1.7473e-02
  -3.6446e-02
  -1.7473e-02
  -3.1331e-02
   6.2465e-03
  -2.5642e-02
  -3.4843e-02
  -2.9940e-02
  -1.7738e-02
  -1.6847e-02
  -2.3073e-02
  -4.1356e-02
  -3.1393e-02
  -3.5965e-02
  -2.0269e-02
  -1.4246e-02
  -3.0043e-02
   6.1853e-03
   3.7702e-02
   1.7751e-02
   1.2153e-02
   1.1093e-02
   2.6835e-02
   4.0016e-02
   5.3530e-02
   4.2063e-02
   4.2488e-02
   5.6487e-02
   6.6268e-02
   2.2310e-02
   1.5564e-02
   1.5958e-03
   2.8571e-02
   1.5587e-02
  -3.2652e-03
   8.5127e-03
   2.8602e-02
   5.8657e-02
   5.8602e-02
   8.7829e-02
   7.2846e-02
   7.2046e-02
   8.2247e-02
   4.5247e-02
   5.8468e-02
   4.6636e-02
   6.2093e-02
   8.4734e-02
   7.9568e-02
   7.3960e-02
   5.4879e-02
   5.3738e-02
   6.0981e-02
   8.5651e-02
   8.2844e-02
   7.8762e-02
   6.2455e-02
   7.9344e-02
   6.8221e-02
   6.6373e-02
   6.2154e-02
   6.0087e-02
   3.7281e-02
  -3.6399e-02
  -4.5447e-02
  -3.9648e-02
  -1.9584e-02
  -2.0582e-02
  -3.6828e-02
  -1.3681e-02
  -3.4122e-02
  -4.0216e-02
  -3.0561e-02
  -1.3163e-02
   5.1364e-03
   7.0407e-03
   1.6662e-02
   6.4950e-03
  -2.6401e-03
  -1.2686e-02
  -2.3388e-02
   3.6409e-04
  -2.3596e-02
  -2.0899e-02
  -4.2106e-03
  -4.4941e-02
  -4.9981e-02
  -6.7691e-02
  -1.2573e-02
  -4.5650e-02
  -4.3089e-02
  -5.9345e-02
  -8.3993e-02
