   5.270220
   4.741569
   4.263469
   3.834513
   3.447896
   3.100932
   2.791196
   2.513088
   2.263481
   2.037474
   1.833961
   1.655577
   1.492241
   1.344830
   1.211931
   1.095016
   0.988691
   0.891985
   0.800454
   0.719408
   0.643409
   0.575179
   0.516041
   0.463593
   0.411253
   0.366698
   0.324665
   0.286419
   0.252605
   0.223862
   0.192383
   0.162809
   0.135925
   0.113808
   0.093663
   0.079109
   0.068024
   0.059884
   0.463593
   0.411253
   0.366698
   0.324665
   0.286419
   0.252605
   0.223862
   0.192383
   0.162809
   0.135925
   0.113808
   0.093663
   0.079109
   0.068024
   0.059884
   0.051081
   0.048363
   0.046979
   0.047819
   0.049082
   0.050254
   0.057217
   0.064322
   0.069559
   0.069962
   0.069498
   0.070838
   0.070286
   0.073540
   0.086188
   0.093275
   0.099712
   0.102283
   0.104407
   0.108562
   0.112533
   0.114522
   0.116384
   0.119602
   0.119245
   0.121541
   0.120010
   0.119142
   0.119205
   0.115476
   0.110423
   0.105794
   0.101504
   0.098202
   0.093119
   0.089394
   0.088409
   0.091090
   0.094793
   0.099172
   0.105829
   0.112645
   0.122261
   0.124952
   0.127151
   0.127408
   0.129936
   0.133201
   0.131004
   0.129433
   0.131244
   0.127447
   0.120834
   0.113229
   0.108796
   0.104036
   0.096444
   0.088774
   0.079908
   0.067926
   0.053744
   0.039329
